-7.808746140683160697e-02
-2.582941722137863105e-01
-7.480168967884951586e-03
-1.191225774784330921e-01
9.600065786670898549e-02
2.587642048580677395e-02
-1.606250708370280944e-01
-1.671979578797538335e-01
8.059995433613603710e-02
8.999936050002474430e-02
1.443191203008663270e-01
-2.070090854189680918e-02
-3.998263991504267395e-02
-5.597690155625000691e-02
6.729793509014579678e-02
1.549130515512728984e-02
-1.427528892784393488e-01
2.080656587505862187e-01
-2.311039126879244412e-02
-1.681045713275672038e-01
1.746071360386991511e-01
6.208556638360442775e-02
-1.247451117969700651e-01
4.644015410639668051e-02
5.332632819812824915e-02
-4.640215646829172480e-02
-5.492919391569249521e-02
-3.369659426186052270e-02
-4.143747469792994492e-02
-8.167703077927050692e-02
-2.191795620365868252e-02
-1.677647533456084195e-01
-1.373294484334146581e-01
-1.651740907177212669e-01
-2.849901676978880971e-01
-2.213812934538323673e-01
-1.114928844365757482e-01
-1.751852686945038484e-01
-2.949600437002914965e-01
-2.126343156825487579e-01
-2.866448247586855791e-01
-2.352668071222839830e-01
-1.921644011436339505e-01
-1.658201055430268689e-01
-2.337516103758716657e-01
-1.613761300217011752e-01
-1.485460233513595518e-01
-2.638043558357885954e-01
-1.976081309488992577e-01
-1.525887247213855991e-01
-1.890483376290649775e-01
-1.036353692934702808e-01
-1.912535105123071566e-01
-1.733987884666293167e-01
-1.894414865038179241e-01
-1.306817177139305286e-01
-1.428337919694015745e-01
-1.763842002303346035e-01
-2.137749113335217221e-01
-1.460947754499099527e-01
-4.758252438603415707e-02
-1.683569933298753873e-01
-1.065873818614957030e-01
-1.297284813994269148e-01
-1.128208432576934678e-01
-2.540986312136929715e-01
-1.590730248919333956e-01
-1.553567637344960561e-01
-7.843069305439616390e-02
-1.382630894976890623e-01
-7.857588956132259550e-02
-2.422104528893484834e-02
4.679759808460482590e-02
9.036314397002717658e-02
1.605024299864985515e-01
-1.062576996090773378e-02
4.571513335715534643e-01
3.000008359722051154e-01
3.673478034217700361e-02
1.774831625621489661e-01
2.982790966097125240e-01
6.651600818867453579e-02
1.106290729883296908e-01
-1.410413633200026107e-01
-1.155771860166601162e-01
1.419890478166749015e-01
4.563826843477032935e-01
2.188910275996554800e-01
3.133630065601922809e-01
1.156172763037643936e-01
1.586113364450758845e-01
-2.579481379198738100e-01
-2.813580418439674824e-02
-2.000359304692420070e-01
-2.459602893280868688e-02
8.372696191719750103e-03
-1.038602725201273197e-01
-1.184828769298244544e-01
2.510708425982701164e-01
-1.935360822979127760e-01
2.073064135143328213e-01
-2.220890683242965069e-01
1.837719052643644879e-01
-1.962793849400970569e-01
9.119226784910496042e-02
6.072272530589708367e-02
1.441248537287334042e-01
-1.452675094521486132e-01
-1.345980639144772895e-01
1.602640423309394657e-01
-1.271513143609490359e-01
-3.573538970708975415e-02
-4.870161244817666768e-02
8.304873379757557808e-03
-9.564445779308204665e-02
-1.342535126268137432e-05
-6.057045216875352883e-02
-2.634757637290404200e-03
-4.465041099712528661e-02
-5.407728703079738020e-02
-3.832248438909758442e-02
-1.699322119792325003e-02
-5.158114055427068245e-02
-1.401406843357735632e-01
-8.440575604675244759e-02
-4.394050672806139313e-02
1.977671969513738470e-01
2.800983256136812538e-01
3.721329314540424704e-01
3.032516389325768946e-01
4.039196290433613723e-01
4.595235092620372774e-01
1.255858807376467046e-02
2.030053589223471469e-02
4.962744878270226867e-02
-1.020993243434129977e-01
1.596716133106010627e-01
1.629599689116471850e-01
1.283741051538293265e-01
1.584670687809263678e-01
1.994720803503213513e-01
2.512667516786723509e-01
1.585792760601708318e-01
2.111893541896421311e-01
5.296634234730581703e-01
1.124092473458429137e-01
8.560155658048608507e-02
3.102562836888951292e-01
-9.322282872938113252e-02
-2.431369646902533516e-02
2.591965628935939334e-02
-1.125897054510422435e-01
-1.190608141683354854e-01
-1.145624798433934888e-02
-7.338770378281660178e-02
-1.322303157472796142e-01
-1.056514159847146833e-01
-6.447926362622191654e-02
4.258386775594532464e-02
9.900579656980955379e-02
3.771839116067921688e-02
-2.491459057940949642e-02
1.545588137228753600e-01
8.152246767291684848e-02
1.534184972970118188e-01
-1.137295676362904961e-01
-2.270476449884729075e-01
-1.540512106749561683e-01
-1.933296692221276314e-01
-1.070857775185919541e-01
9.253683029615282496e-02
-1.500490024946117829e-01
-2.648802554825204214e-01
-1.769151618234240386e-01
-9.668497808875037335e-04
-5.560451114908434439e-02
8.606673211040183347e-02
-1.491837360155540970e-01
-1.575402722895266894e-01
-5.351514204996696625e-03
1.274592145510326791e-01
1.738915477207934601e-01
-1.309383323700942792e-01
-5.676056523829414030e-02
2.624762935336468761e-01
2.845123299621119539e-01
2.195720542256938690e-01
2.339741417804830706e-02
1.762147995107449239e-01
-3.351833230182773016e-01
-2.914601168674494924e-01
-4.038741721879105517e-01
-9.098954709993884241e-03
-2.881847861724281049e-02
-1.466201764102867677e-01
-2.182321651492333536e-01
-9.175579197540929821e-02
-9.756774131112215531e-02
3.898541839299049516e-01
1.697776785667996502e-01
-8.569747519740389397e-02
-2.265112540635807192e-01
-5.106687314611337708e-02
-1.846424190190865816e-02
-1.582375955707232551e-01
5.538994497003579126e-02
-9.012183224960611250e-02
1.535089590205723081e-02
-1.781081257856524658e-01
-6.120815499272929533e-02
1.077952117122190356e-01
2.386993996855730354e-02
-4.711306101437506832e-02
-3.538135550865090934e-02
7.024197789864435049e-02
-1.539924510331124319e-01
-1.240172504761746924e-01
-1.891866625855220529e-01
1.506717763527035125e-01
3.061692756044275682e-02
-6.878605007370174051e-02
-2.046003839838800020e-01
-7.548250805369304504e-03
-3.491175495369291948e-02
4.473712995430449701e-02
-1.171304354668013248e-01
-8.613704799581466121e-02
-7.443676608038847509e-02
-8.254015332715859687e-02
-1.020488577452382251e-01
-1.385924990309611304e-01
-1.234657612637605345e-01
-1.410270871170832829e-01
-2.095329479758908930e-01
-2.916920259667203363e-01
-1.898998338570359601e-01
-1.888310671863084045e-01
-1.192099889853088790e-01
-3.285571390516481283e-01
-2.437911148775698256e-01
-3.310856385121637713e-01
-2.353415503431306455e-01
-3.062145206332199110e-01
-2.608485390283173389e-01
-7.108737408218782083e-02
-2.295814609762870384e-01
-1.693114542223383978e-01
-1.980459730472197699e-01
-1.921100112117639092e-01
-1.338946650031166974e-01
-2.636459405026946867e-01
-1.516495315689975754e-01
-1.326941729186572883e-01
-2.220767485292906296e-01
-2.249487457513557609e-01
-1.653563364750263442e-01
-1.347399751991244510e-01
-1.938076799985734844e-01
-2.227687907249386867e-01
-2.031586361548667063e-01
-8.631297826313399923e-02
-1.173806021542195405e-01
-1.772686289893428413e-01
-2.732516086317840487e-01
-1.624131038019913653e-01
-9.302630338660254627e-02
-9.827876676303852477e-02
-1.036315906495676592e-01
-1.403607007984415678e-01
-1.425111873864320644e-01
-9.709196504372755165e-02
-1.766120441496163082e-02
-2.719053824624791116e-02
1.401997845804319742e-01
9.970777974698108448e-02
5.890757635235777112e-03
1.131657129063442513e-01
5.143903936886456973e-01
4.487497183862689670e-02
2.505476936683170841e-01
4.843570760955251409e-01
2.625768114281121779e-01
2.730712585709543089e-02
2.542056711265833213e-01
5.384201530517713774e-01
7.664873158981425072e-02
2.505746287926437499e-01
1.921959329709056197e-01
-1.379853133378403096e-01
1.473552081675431891e-01
3.938130834729208218e-01
1.596062251875939308e-01
1.779530881960058319e-01
-2.095336177196212638e-02
-6.457262315893977367e-02
2.584966125902633458e-02
-2.320636900904094191e-01
-2.979793158883343729e-01
-6.296018941380568390e-02
2.803160047644004949e-01
1.034473721589350276e-01
-1.543106722763831484e-01
5.332859063960464219e-02
-1.911223322157921956e-01
-1.647137380801141915e-01
2.707014781030620543e-01
-2.542711210489112528e-01
-1.284104264079099500e-01
2.093858468470475021e-01
2.047033990496722744e-01
1.842938543101370619e-01
-1.185471950215472164e-01
-1.637998695750213576e-02
1.963548584813353537e-01
-4.668952050219652566e-02
-1.917097738645697491e-01
-8.221813779963105251e-02
1.398868132572299583e-01
8.770204681480275183e-03
-8.995204635493850298e-02
-1.995451530464439557e-02
5.138907355442649122e-02
-3.624709314100451468e-02
-1.613251391914024765e-02
-3.786890752759133200e-02
-2.813844347094282203e-02
-9.799711236371048961e-02
-3.772499811068245890e-02
-7.725474154021831630e-02
-1.941099246844655776e-02
-4.228048734948987308e-02
3.027257619160164670e-01
5.089262005829812141e-01
2.805545274291573188e-01
5.106075160905931831e-01
5.523597917883686925e-01
3.867347047076630795e-01
5.888034092476774478e-02
7.846716658393269872e-02
2.219920883605346895e-01
7.217937435890313391e-02
6.376810074585442800e-02
9.244561032979450865e-02
-7.505412687048655662e-02
1.663669910580493072e-01
-4.101311729461466771e-02
4.373794384496654426e-03
6.864678491294358420e-02
2.049746826466604110e-01
1.411048592559196457e-01
3.452640611003791049e-01
2.341090848061599394e-01
2.251199714665725049e-01
3.381323048645397122e-01
4.914424004147794900e-01
1.058709876207538647e-01
4.258525955101978844e-01
8.265413462626187979e-02
1.587076494625568879e-01
2.461875240028529033e-01
2.988383242341490220e-01
1.020346089890033364e-01
-1.001220507044837775e-02
1.076318906989373048e-01
2.571934355327851196e-01
1.513356402968895620e-01
-1.072253408855904921e-01
-2.746586101225425777e-02
-1.050559099921068301e-01
-1.174845876262150812e-01
5.263256565010715482e-02
-6.258097563998557544e-02
-1.568921642008069828e-02
-9.037563005351932632e-02
-8.330604833157292943e-02
-1.547388885515452728e-01
-1.023962753348325039e-01
-3.488255291011050502e-02
-1.430096089710115870e-01
-7.696792623736578576e-02
-8.375177613120926567e-02
-1.318450759242825732e-01
-7.093663979877039283e-02
9.133504735165443034e-02
-1.666120896642803162e-01
-7.765944774571556519e-02
5.382855000066107121e-02
1.463547991449010710e-01
-6.104199471554778295e-02
2.750218185618675815e-01
9.292004723762692375e-02
-2.190740232407221710e-01
-4.403552655166246416e-02
-4.818579232152257058e-02
-2.233708156769783071e-01
4.967929064253558125e-02
-1.498868859243780889e-02
-9.425060292010302085e-03
-3.309512370462291270e-02
2.423195638059076062e-01
-4.808808714250447508e-02
6.671430815030585104e-02
-7.614540598782666703e-02
-8.424127092615236664e-03
7.086348611722317892e-02
6.214138626931586806e-02
1.746734457538111629e-01
1.905550107775191571e-01
1.524835367699790001e-01
-1.018940696427052955e-02
2.408538419849089451e-01
3.240666608903601531e-02
9.854700224061677116e-02
8.945165969260855665e-02
-6.054990608144737718e-02
6.385210204221221375e-02
-1.068361163788909829e-01
-5.923607012078081595e-03
5.966344268164559123e-02
3.833905135525689234e-02
1.577439381993204770e-01
1.700292125357001083e-01
1.319634974592944210e-01
-1.590588534145853661e-02
1.707236926149156009e-01
1.395596273937766557e-02
1.002199043137708412e-01
7.806074994671630130e-02
-1.898423667051280656e-02
8.112588910545728837e-02
1.357291382033071758e-01
8.472052630927173755e-02
2.879143546821716707e-02
1.277611693520362968e-01
5.007607782330131090e-03
1.162472923905710775e-02
1.183660867722342996e-01
1.449680107833671294e-01
8.855024129889271789e-02
9.928254505113970341e-02
1.441250145891811718e-01
7.029324421896567150e-03
-1.888002259805112576e-02
-2.883678142155325988e-02
3.975532701533850827e-02
2.127394963012533419e-02
1.404609766810414329e-01
9.188409429912351711e-02
2.156831123069889722e-02
1.644647007565464350e-02
9.008426443650635607e-02
5.408474994429450511e-02
