-1.215832579509824735e-01
6.901575485191334403e-02
-1.563645486582545263e-01
1.066385930754368133e-01
-1.609977734797270882e-02
-3.887820703307664355e-02
1.352439356702067885e-01
-9.881857152623615970e-02
-1.734643775622329506e-02
1.089842142267597319e-01
-1.070746687643659018e-01
-5.220708339408249715e-02
-2.404113580407826224e-03
-3.995532671433973254e-02
-1.491958546536911734e-01
-1.474575320863772965e-01
-2.307673467010202262e-01
-2.272805057691393016e-01
-2.700851187558201416e-01
-2.099693521972447185e-01
-1.245758993867787656e-01
-1.858881651239470967e-01
-1.102233849360238771e-01
-2.005792521721391219e-01
-1.691067541103866700e-01
-1.505862990134086421e-01
-1.496818071300037856e-01
-8.995599478934775128e-02
-1.394989453316045624e-01
-2.541406883584200749e-01
-8.563327555322057527e-02
-3.792490364172877021e-02
1.006357338278359437e-01
-5.399408172756504920e-02
3.175558974855340749e-02
3.483792181256643028e-01
2.171140391003319459e-01
1.224385095523911338e-01
2.766059466869582040e-01
-1.368002049070534409e-01
2.660378486609603077e-01
3.749206066354248135e-01
1.351676491286259718e-01
-1.141888007478595590e-01
-2.338794520817496225e-01
7.440073247749993957e-02
-1.553140194240179850e-01
2.225453617304596066e-01
-2.503716609101096502e-01
9.780701397811868147e-02
8.715474821677328399e-02
4.450578582170837405e-02
-1.338818525802144832e-01
-4.761685860615104404e-02
-9.320319474016931782e-02
-9.288994999000781475e-03
-4.012670907736978071e-02
-3.525868612456565382e-02
-6.658723860982283804e-02
-1.037261202855815356e-01
3.473983205984819134e-01
3.155513200207760716e-01
4.565871553796681526e-01
1.770823798115183853e-02
-1.300548588520889504e-01
4.969447018565826407e-02
1.260966240187659793e-01
8.554146762271735982e-02
1.526732023850941866e-01
2.390960921182990473e-01
7.832610410636624276e-02
4.838109268414825248e-02
1.024151306341894024e-01
-1.249426501164810216e-01
-1.864394140301497277e-02
-1.252622699749408597e-01
-3.891484178019870982e-02
-5.499549108730821673e-02
7.371992175197793207e-02
5.881811215348809602e-02
1.454098930207705920e-01
3.159370936026790339e-02
-9.431807290270908389e-03
-1.880230790911084915e-01
-1.148701265213937783e-01
-5.703603076253919296e-02
-5.481612056976341296e-02
-1.592605805495226345e-01
-2.057117887207032814e-01
1.374435892988536134e-01
-1.398538034878633596e-01
2.293242069814503958e-01
2.026436211532015585e-01
1.374249090981786714e-01
1.117196989636093374e-01
-2.858259862861391998e-01
-2.534382709752965313e-01
-1.095263201205068232e-01
2.317853426207426570e-01
-1.902147912163941190e-01
-5.756846124086513472e-02
-1.982931991377248071e-01
-1.067219182978609328e-02
6.291145730711598938e-02
-1.587392169882721193e-01
4.743706375302410294e-02
-5.026761882007116378e-02
-9.146221358774388188e-02
1.407615827429941902e-01
1.352174993158251556e-02
-2.150667948293217002e-01
-5.593264806497542929e-02
-4.553493680099253427e-03
-8.817480564592254655e-02
-1.734501168354066897e-02
-1.609014820662650891e-01
-1.541521748763135802e-01
-2.660894872598441041e-01
-2.589911285869495039e-01
-2.377778524593371912e-01
-2.999607679362256141e-01
-2.199919482961570638e-01
-1.285471196550254935e-01
-1.579522753759371734e-01
-1.918561446396207792e-01
-2.223436178505231176e-01
-2.232725707695474293e-01
-1.725800365997446073e-01
-1.678615993634490766e-01
-1.425577741852876168e-01
-5.611336031491524767e-02
-1.130396083859518813e-01
-1.376804774373073526e-01
-2.459475482843199445e-01
-1.049064131507113640e-01
-7.238757970759926441e-02
-1.390108938394056526e-01
5.163743049924853779e-01
5.604431995412172823e-02
3.294856113778199536e-01
3.347287472031559852e-01
1.516200693924935616e-01
2.360664610894692150e-01
-1.331471810789662535e-01
2.057785530756195136e-01
4.839395417440512381e-01
1.605298275490203985e-01
-8.722678945401230594e-03
-3.242690774120053632e-02
-1.985955130406440727e-01
9.750556438126485592e-02
-1.470276884340533108e-01
-1.729516177271266664e-01
2.741317766276751278e-01
-1.014711582378892002e-01
1.699097011976392554e-02
-6.049149738923970815e-02
4.057093048452278111e-02
5.902190679933276216e-03
-8.883090284801577197e-02
-5.052708105272330288e-03
-7.169095913872683412e-02
-2.246196489012116868e-02
-3.275556133586000895e-02
2.840862743063091722e-01
5.227323754301327341e-01
3.305978404401824777e-01
7.585556101057729095e-02
2.061316634599587583e-01
-9.138984314478857188e-03
1.063268039666940556e-01
9.475562885097821297e-02
6.808771377842808004e-02
1.581208115369021894e-01
3.498532254163348454e-01
2.322945321999668467e-01
6.864038960872571871e-02
4.740914252002811913e-02
1.505621410444145103e-01
2.617695560172841329e-01
1.810622825345113984e-01
5.989305929525595013e-02
1.722214399943382823e-01
2.224948065717479717e-01
-1.113230390409791493e-01
2.926553028135459814e-03
-1.124271401578506996e-01
3.022274589514098095e-02
-9.808056730499023490e-02
-7.205955268145440573e-02
-1.064910030004108804e-01
-7.787762985156995721e-02
4.009450807977572168e-02
-1.092510046074011559e-01
-6.369365643157713641e-02
2.138267716715738787e-01
2.839901959576977553e-01
-2.026814660427442571e-01
-7.655085174949821658e-02
3.554261178450621173e-01
-4.808808714250447508e-02
6.671430815030585104e-02
-7.614540598782666703e-02
-8.424127092615236664e-03
7.086348611722317892e-02
6.214138626931586806e-02
1.746734457538111629e-01
1.905550107775191571e-01
1.524835367699790001e-01
-1.018940696427052955e-02
2.408538419849089451e-01
3.240666608903601531e-02
9.854700224061677116e-02
8.945165969260855665e-02
-6.054990608144737718e-02
6.385210204221221375e-02
-1.068361163788909829e-01
-5.923607012078081595e-03
5.966344268164559123e-02
3.833905135525689234e-02
1.577439381993204770e-01
1.700292125357001083e-01
1.319634974592944210e-01
-1.590588534145853661e-02
1.707236926149156009e-01
1.395596273937766557e-02
1.002199043137708412e-01
7.806074994671630130e-02
-1.898423667051280656e-02
8.112588910545728837e-02
1.357291382033071758e-01
8.472052630927173755e-02
2.879143546821716707e-02
1.277611693520362968e-01
5.007607782330131090e-03
1.162472923905710775e-02
1.183660867722342996e-01
1.449680107833671294e-01
8.855024129889271789e-02
9.928254505113970341e-02
1.441250145891811718e-01
7.029324421896567150e-03
-1.888002259805112576e-02
-2.883678142155325988e-02
3.975532701533850827e-02
2.127394963012533419e-02
1.404609766810414329e-01
9.188409429912351711e-02
2.156831123069889722e-02
1.644647007565464350e-02
9.008426443650635607e-02
5.408474994429450511e-02
